57
22 2192
20 1717
19 6534
22 4951
20 4209
22 2116
22 5908
21 4412
20 666
21 1574
22 2051
21 4958
22 7776
21 3670
22 4376
21 448
19 5075
19 1165
22 7418
19 1494
20 3238
21 6198
21 698
20 747
22 268
22 1213
21 1868
19 2409
19 616
22 4650
21 6193
22 852
19 622
22 1689
21 1957
22 1786
19 2365
20 2851
21 4967
20 1324
19 317
21 7117
19 1223
22 8303
19 2281
21 8844
20 1783
22 6455
19 3317
22 1508
19 1233
22 4383
21 1146
20 4095
19 4713
22 3229
21 964