20
429885 795698194982282
439808 48380595910267648
569641 177761621789458947
35738 39837311885583
625199 112007431077178097
366780 18216409996612019
833681 524091897726068116
515044 46491648854761354
854086 115169419689425349
704655 34249517197998859
240063 12996887952624134
885059 393073987337543004
7301 220256293363
803794 156546417887566026
497789 4617915147644105
503189 77281009925786620
253453 4719305822034481
14770 309065459486
743254 128230165640749764
31984 23410052968289