44
4
4 3 0 0
4
6 1 2 2
3
7 7 0
4
5 7 8 9
4
9 4 4 6
3
5 5 1
4
2 2 0 9
4
8 9 9 1
4
1 6 1 4
4
5 1 1 0
4
9 0 8 0
4
9 5 0 1
4
3 0 3 7
4
5 0 9 5
4
2 0 0 3
4
7 5 5 6
4
8 7 8 9
4
3 1 3 1
3
8 6 0
4
9 2 9 6
4
3 6 6 3
4
2 8 9 7
3
9 8 3
3
4 7 7
4
3 2 2 8
3
3 4 3
3
7 2 6
4
7 3 9 6
3
2 6 0
3
5 0 4
4
4 2 8 9
4
0 1 7 1
4
4 3 6 7
4
1 1 8 1
3
8 2 8
3
8 6 7
4
6 4 1 3
4
4 3 5 9
4
2 0 3 6
4
6 5 6 3
4
2 5 6 6
4
3 1 7 3
4
0 7 6 6
3
3 1 7